1
2
1
0
1
10
21
22
36
21
29
64
26
32
42
31
18
17
34
35
58
66
84
71
59
99
105
154
132
176
147
149
172
209
205
216
245
129
172
131
243
271
240
148
200
182
200
179
215
221
221
180
192
211
163
288
291
227
138
110
213
240
248
215
141
81
127
149
169
206
266
222
115
78
210
234
236
148
184
64
59
150
177
174
120
144
78
59
160
197
206
278
210
73
67
160
153
234
207
227
177
47
243
239
263
207
186
165
75
116
214
361
380
371
198
92
219
217
284
228
225
248
191
239
170
172
169
176
96
108
53
46
123
85
73
73
28
31
88
64
86
78
30
18
23
78
69
56
60
21
21
9
78
46
49
43
64
6
22
92
59
67
49
51
24
37
102
81
55
81
55
5
35
71
73
65
59
49
1
30
49
47
35
39
26
14
20
31
38
59
53
42
11
11
39
44
50
65
78
18
23
52
94
135
124
95
14
67
141
181
140
